50000 10 5 16.025 
1e+05 18 12 24 
150000 24 16 32 
2e+05 29 23 36 
250000 33 26 39.025 
3e+05 37 29 43.025 
350000 39 33 47 
4e+05 41 35 46.025 
450000 44 37.975 49 
5e+05 45 38 50 
550000 47 42 51 
6e+05 48 43 52 
650000 49 44 54 
7e+05 50 45 55 
750000 51 46 56.025 
8e+05 52 47 56 
850000 52 47 56 
9e+05 53 49 57 
950000 54 49 58 
1e+06 54 50 58 
1050000 55 50 59 
1100000 55 51 59 
1150000 56 52 59 
1200000 56 52 59 
1250000 56 53 59 
1300000 57 53 60 
1350000 57 53 60 
1400000 57 53 60 
1450000 57 54 60 
1500000 58 54 60 
1550000 58 54 60 
1600000 58 55 61 
1650000 58 55 61 
1700000 58.5 55 61 
1750000 58 55 61 
1800000 59 55.975 61 
1850000 59 56 61 
1900000 59 56 61 
1950000 59 56.975 61 
2e+06 59 56 61 
2050000 59 56.975 61 
2100000 59 56.975 61 
2150000 59 57 61 
2200000 60 56.975 61 
2250000 60 57 61 
2300000 60 57 61 
2350000 60 57 61 
2400000 60 58 61 
2450000 59 57 61 
2500000 60 57 61 
2550000 60 58 61 
2600000 60 57.975 61 
2650000 60 58 61 
2700000 60 58 61 
2750000 60 58 61 
2800000 60 58 61 
2850000 60 58 61 
2900000 60 58.975 61 
2950000 60 58 61 
3e+06 60 59 61 
3050000 60 58.975 61 
3100000 61 59 61 
3150000 60 59 61 
3200000 60 58 61 
3250000 61 59 61 
3300000 61 59 61 
3350000 61 58 61 
3400000 61 58.975 61 
3450000 61 59 61 
3500000 61 59 61 
3550000 61 59 61 
3600000 61 59 61 
3650000 61 59 61 
3700000 61 59 61 
3750000 61 59 61 
3800000 61 59 61 
3850000 61 59 61 
3900000 61 60 61 
3950000 61 60 61 
4e+06 61 59 61 
4050000 61 60 61 
4100000 61 59.975 61 
4150000 61 59 61 
4200000 61 59 61 
4250000 61 59 61 
4300000 61 59 61 
4350000 61 60 61 
4400000 61 60 61 
4450000 61 60 61 
4500000 61 60 61 
4550000 61 60 61 
4600000 61 59.975 61 
4650000 61 60 61 
4700000 61 60 61 
4750000 61 60 61 
4800000 61 60 61 
4850000 61 60 61 
4900000 61 60 61 
4950000 61 60 61 
5e+06 61 60 61
